122,127
206,71
122,126
122,125
206,70
122,124
122,43
122,123
122,122
206,69
122,121
122,120
206,68
122,119
122,118
122,117
206,67
122,116
122,115
122,114
206,66
122,113
122,112
206,65
122,111
122,110
122,109
206,64
122,108
122,107
206,35
122,106
122,105
122,104
206,34
274,210
275,774
274,209
275,772
274,208
274,207
275,786
274,206
274,205
122,103
275,1199
274,203
274,202
274,201
275,239
274,198
274,197
141,5
274,196
274,194
275,494
274,192
274,132
141,3
274,131
274,130
275,1270
275,1195
275,994
275,738
275,684
275,629
275,466
274,80
274,129
275,1057
275,479
274,128
275,1083
274,63
275,1483
275,780
138,3
138,5
275,492
274,61
275,199
274,59
139,3
138,4
274,57
274,53
274,50
275,234
274,46
274,43
275,61
274,39
275,1035
274,37
275,1026
275,192
275,1149
274,35
275,1025
275,449
275,817
274,31
275,830
274,29
274,26
275,827
275,1032
274,24
274,22
275,1042
275,1139
275,196
274,19
275,1045
274,17
275,1064
275,483
275,57
274,15
275,131
275,243
274,12
275,242
274,9
275,253
275,56
274,6
275,820
275,37
122,102
125,3
124,3
126,3
275,799
275,468
275,482
275,255
275,1079
275,474
275,1024
275,208
275,211
275,487
275,212
275,787
275,1037
275,222
275,224
275,481
275,42
275,1046
275,798
275,1070
275,1058
275,1043
275,1080
275,454
275,484
275,807
275,815
275,1056
200,3
89,3
108,3
108,4
275,823
275,1053
275,1050
275,800
275,1074
275,811
275,1062
275,248
275,15
275,1147
275,651
275,1072
275,768
273,3
206,33
122,101
122,100
206,32
122,99
122,98
122,97
206,31
122,96
275,50
275,1272
122,95
206,30
122,94
122,93
109,3
119,4
122,92
5,6
0,61
1,45
3,44
2,44
1,44
3,43
2,43
1,43
3,42
2,42
1,42
3,41
2,41
1,41
3,40
2,40
1,40
3,39
2,39
1,39
3,38
2,38
1,38
3,37
2,37
1,37
3,36
2,36
1,36
3,35
2,35
1,35
3,34
2,34
1,34
3,33
2,33
1,33
3,32
2,32
1,32
3,31
2,31
1,31
3,30
2,30
1,30
3,29
2,29
1,29
3,28
2,28
1,28
1,26
3,25
2,25
1,25
3,24
2,24
1,24
3,23
2,23
1,23
3,22
2,22
1,22
3,21
2,21
1,21
3,20
2,20
1,20
3,19
2,19
1,19
3,18
2,18
1,18
3,17
2,17
1,17
3,16
2,16
1,16
3,15
2,15
1,15
3,14
2,14
1,14
3,13
2,13
1,13
3,12
2,12
1,12
3,11
2,11
1,11
3,10
2,10
1,10
3,9
2,9
1,9
3,8
2,8
1,8
3,7
2,7
1,7
3,6
2,6
1,6
3,5
2,5
1,5
3,4
2,4
1,4
3,3
2,3
1,3
0,6
274,195
275,1044
274,42
274,52
274,5
275,496
275,1191
274,199
274,13
275,1164
275,452
275,1029
275,1268
275,1193
275,682
275,228
274,200
275,1197
275,231
275,460
275,997
275,216
274,204
275,825
275,49
275,829
274,25
275,455
275,1027
58,6
275,1068
122,91
275,237
275,470
275,1085
275,776
275,792
275,52
275,489
275,509
275,490
275,227
275,448
275,249
274,55
275,608
275,213
141,6
206,29
122,90
122,42
275,503
122,89
95,5
95,1542
95,4
3,27
206,28
5,3
4,3
5,21
192,5
192,4
2,27
1,27
3,26
2,26
122,4
122,3
95,229
95,1366
95,1365
95,1364
95,1363
95,1362
95,1361
95,509
95,1360
95,1359
95,1358
95,1357
95,1356
95,1355
95,1354
95,1353
95,1352
95,1351
95,1350
95,508
95,1349
95,1348
95,1347
95,1346
95,1345
95,1344
95,1343
95,1342
95,1341
95,1340
95,1339
95,1338
95,507
95,1337
95,1336
95,1335
95,1334
95,1333
95,1332
95,1331
95,1330
95,1329
95,1328
95,1327
95,1326
95,1325
95,1324
95,506
95,1323
95,1322
95,1321
95,1320
95,1319
95,1318
95,1317
95,1316
95,1315
95,1314
95,1313
95,505
95,1312
95,1311
95,1310
95,1309
95,1308
95,1307
95,1306
95,1305
95,1304
95,1303
95,1302
95,504
95,1301
95,1300
95,1299
95,1298
95,1297
95,1296
95,1295
95,1294
95,1293
95,1292
95,1291
95,503
95,1290
95,1289
95,1288
95,1287
95,1286
95,1285
95,1284
95,1283
95,1282
95,1281
95,1280
95,1279
95,1278
95,502
95,1277
95,1276
95,1275
95,1274
95,1273
95,1272
95,1271
95,1270
95,1269
95,1268
95,1267
95,1266
95,1265
95,1264
95,501
95,1263
95,1262
95,1261
95,1260
95,1259
95,1258
95,1257
95,1256
95,1255
95,1254
95,1253
95,1252
95,1251
95,1250
95,1249
95,500
95,1248
95,1247
95,1246
95,1245
95,1244
95,1243
95,1242
95,1241
95,1240
95,1239
95,1238
95,1237
95,1236
95,1235
95,1234
95,1233
95,499
95,1232
95,1231
95,1230
95,1229
95,1228
95,1227
95,1226
95,1225
95,1224
95,1223
95,1222
95,1221
95,1220
95,1219
95,1218
95,498
95,1217
95,1216
95,1215
95,1214
95,1213
95,1212
95,1211
95,1210
95,1209
95,1208
95,1207
95,1206
95,1205
95,497
95,1204
95,1203
95,1202
95,1201
95,1200
95,1199
95,1198
95,1197
95,1196
95,1195
95,1194
95,1193
95,496
95,1192
95,1191
95,1190
95,1189
95,1188
95,1187
95,1186
95,1185
95,1184
95,1183
95,1182
95,1181
95,495
95,1180
95,1179
95,1178
95,1177
95,1176
95,1175
95,1174
95,1173
95,1172
95,1171
95,1170
95,1169
95,494
95,1168
95,1167
95,1166
95,1165
95,1164
95,1163
95,1162
95,1161
95,1160
95,1159
95,1158
95,1157
95,493
95,1156
95,1155
95,1154
95,3
95,1153
95,1152
95,1151
95,1150
95,1149
95,1148
95,1147
95,1146
95,1145
95,492
95,1144
95,1143
95,1142
95,1141
95,1140
95,1139
95,1138
95,1137
95,1136
95,1135
95,1134
95,1133
95,1132
95,491
95,1131
95,1130
95,1129
95,1128
95,1127
95,1126
95,1125
95,1124
95,1123
95,1122
95,1121
95,1120
95,1119
95,490
95,1118
95,1117
95,1116
95,1115
95,1114
95,1113
95,1112
95,1111
95,1110
95,1109
95,1108
95,489
95,1107
95,1106
95,1105
95,1104
95,1103
95,1102
95,1101
95,1100
95,1099
95,1098
95,1097
95,1096
95,1095
95,488
95,1094
95,1093
95,1092
95,1091
95,1090
95,1089
95,1088
95,1087
95,1086
95,1085
95,1084
95,487
95,1083
95,1082
95,1081
95,1080
95,1079
95,1078
95,1077
95,1076
95,1075
95,1074
95,1073
95,1072
95,486
95,1071
95,1070
95,1069
95,1068
95,1067
95,1066
95,1065
95,1064
95,1063
95,1062
95,1061
95,1060
95,485
95,1059
95,1058
95,1057
95,1056
95,1055
95,1054
95,1053
95,1052
95,1051
95,1050
95,1049
95,1048
95,484
95,1047
95,1046
95,1045
95,1044
95,1043
95,1042
95,1041
95,1040
95,1039
95,1038
95,1037
95,1036
95,1035
95,483
95,1034
95,1033
95,1032
95,1031
95,1030
95,1029
95,1028
95,1027
95,1026
95,1025
95,1024
95,1023
95,482
95,1022
95,1021
95,1020
95,1019
95,1018
95,1017
95,1016
95,1015
95,1014
95,1013
95,1012
95,1011
95,1010
95,1009
95,481
95,1008
95,1007
95,1006
95,1005
95,1004
95,1003
95,1002
95,1001
95,1000
95,999
95,998
95,997
95,480
95,996
95,995
95,994
95,993
95,992
95,991
95,990
95,989
95,988
95,987
95,986
95,985
95,984
95,479
95,983
95,982
95,981
95,980
95,979
95,978
95,977
95,976
95,975
95,974
95,973
95,972
95,478
95,971
95,970
95,969
95,968
95,967
95,966
95,965
95,964
95,963
95,962
95,961
95,960
95,959
95,958
95,957
95,477
95,956
95,955
95,954
95,953
95,952
95,951
95,950
95,949
95,948
95,947
95,946
95,945
95,944
95,943
95,942
95,476
95,941
95,940
95,939
95,938
95,937
95,936
95,935
95,934
95,933
95,932
95,931
95,930
95,929
95,928
95,927
95,475
95,926
95,925
95,924
95,923
95,922
95,921
95,920
95,919
95,918
95,917
95,916
95,915
95,914
95,474
95,913
95,912
95,911
95,910
95,909
95,908
95,907
95,906
95,905
95,904
95,903
95,902
95,901
95,473
95,900
95,899
95,898
95,897
95,896
95,895
95,894
95,893
95,892
95,891
95,890
95,889
95,888
95,887
95,886
95,885
95,472
95,884
95,883
95,882
95,881
95,880
95,879
95,878
95,877
95,876
95,875
95,874
95,873
95,872
95,871
95,870
95,471
95,869
95,868
95,230
95,867
95,866
95,865
95,864
95,863
95,862
95,861
95,860
95,859
95,858
95,470
95,857
95,856
95,855
95,854
95,853
95,852
95,851
95,850
95,849
95,848
95,847
95,846
95,845
95,844
95,469
95,843
95,842
95,841
95,840
95,839
95,838
95,837
95,836
95,835
95,834
95,833
95,832
95,831
95,468
95,830
95,829
95,828
95,827
95,826
95,825
95,824
95,823
95,822
95,821
95,820
95,819
95,818
95,467
95,817
95,816
95,815
95,814
95,813
95,812
95,811
95,810
95,809
95,808
95,807
95,806
95,805
95,804
95,466
95,803
95,802
95,801
95,800
95,799
95,798
95,797
95,796
95,795
95,794
95,793
95,792
95,791
95,465
95,790
95,789
95,788
95,787
95,786
95,785
95,784
95,783
95,782
95,781
95,780
95,779
95,464
95,778
95,777
95,776
95,775
95,774
95,773
95,772
95,771
95,770
95,769
95,768
95,767
95,766
95,765
95,463
95,764
95,763
95,762
95,761
95,760
95,759
95,758
95,757
95,756
95,755
95,754
95,753
95,462
95,752
95,751
95,750
95,749
95,748
95,747
95,746
95,745
95,744
95,743
95,742
95,741
95,740
95,739
95,738
95,461
95,737
95,736
95,735
95,734
95,733
95,732
95,731
95,730
95,729
95,728
95,727
95,726
95,725
95,724
95,723
95,460
95,722
95,721
95,720
95,719
95,718
95,717
95,716
95,715
95,714
95,713
95,712
95,711
95,710
95,709
95,459
95,708
95,707
95,706
95,705
95,704
95,703
95,702
95,701
95,700
95,699
95,698
95,697
95,696
95,458
95,695
95,694
95,693
95,692
95,691
95,690
95,689
95,688
95,687
95,686
95,685
95,684
95,683
95,682
95,457
95,681
95,680
95,679
95,678
95,677
95,676
95,675
95,674
95,673
95,672
95,671
95,670
95,669
95,456
95,668
95,667
95,666
95,665
95,664
95,663
95,662
95,661
95,660
95,659
95,658
95,455
95,657
95,656
95,655
95,654
95,653
95,652
95,651
95,650
95,649
95,648
95,647
95,454
95,646
95,645
95,644
95,643
95,642
95,641
95,640
95,575
95,574
95,573
95,572
95,571
95,570
95,569
95,453
95,568
95,567
95,566
95,565
95,564
95,563
95,562
95,561
95,560
95,559
95,558
95,557
95,452
95,556
95,555
95,554
95,553
95,552
95,551
95,550
95,549
95,548
95,547
95,546
95,545
95,451
95,544
95,543
95,542
95,541
95,540
95,539
95,538
95,537
95,536
95,535
95,534
95,533
95,532
95,450
95,531
95,530
95,529
95,528
95,527
95,526
95,525
95,524
95,523
95,522
95,521
95,520
95,449
95,519
95,518
95,517
95,516
95,515
95,514
95,513
95,512
95,447
95,446
95,445
95,444
95,443
95,442
95,441
95,448
95,440
95,439
95,438
95,437
95,436
95,435
95,434
95,433
95,432
95,431
95,430
95,429
95,226
95,428
95,427
95,426
95,425
95,424
95,423
95,422
95,421
95,420
95,419
95,418
95,224
95,417
95,416
95,415
95,414
95,413
95,412
95,411
95,410
95,409
95,408
95,222
95,407
95,406
95,405
95,404
95,403
95,402
95,401
95,400
95,399
95,398
95,220
95,397
95,396
95,395
95,394
95,393
95,392
95,391
95,390
95,389
95,388
95,387
95,218
95,386
95,385
95,384
95,383
95,382
95,381
95,380
95,379
95,378
95,377
95,376
95,375
95,374
95,216
95,373
95,372
95,371
95,370
95,369
95,368
95,367
95,366
95,365
95,364
95,363
95,362
95,214
95,361
95,360
95,359
95,358
95,357
95,356
95,355
95,354
95,353
95,352
95,212
95,351
95,350
95,349
95,348
95,347
95,346
95,345
95,344
95,343
95,342
95,341
95,210
95,340
95,339
95,338
95,337
95,336
95,335
95,334
95,333
95,332
95,331
95,330
95,329
95,208
95,328
95,327
95,326
95,325
95,324
95,323
95,322
95,321
95,320
95,319
95,318
95,317
95,316
95,206
95,315
95,314
95,313
95,312
95,311
95,310
95,309
95,308
95,307
95,306
95,204
95,305
95,304
95,303
95,302
95,301
95,300
95,299
95,298
95,297
95,296
95,295
95,294
95,202
95,293
95,292
95,291
95,290
95,289
95,288
95,287
95,286
95,285
95,284
95,200
95,283
95,282
95,281
95,280
95,279
95,278
95,277
95,276
95,275
95,274
95,198
95,273
95,272
95,271
95,270
95,269
95,268
95,267
95,266
95,265
95,264
95,263
95,197
95,262
95,261
95,260
95,259
95,258
95,257
95,256
95,191
95,190
95,189
95,188
95,195
95,187
95,186
95,185
95,184
95,183
95,182
95,181
95,180
95,179
95,178
95,193
95,177
95,176
95,175
95,174
95,173
95,172
95,171
95,170
95,169
95,168
95,255
95,167
95,166
95,165
95,164
95,163
95,162
95,161
95,160
95,159
95,158
95,157
95,156
95,155
95,62
95,154
95,153
95,152
95,151
95,150
95,149
95,148
95,147
95,146
95,145
95,144
95,60
95,143
95,142
95,141
95,140
95,139
95,138
95,137
95,136
95,135
95,134
95,58
95,133
95,132
95,131
95,130
95,129
95,128
95,127
95,126
95,125
95,124
95,123
95,122
95,121
95,120
95,119
95,118
95,117
95,116
95,115
95,114
95,113
95,112
95,111
95,110
95,109
95,108
95,107
95,106
95,105
95,104
95,103
95,102
95,101
95,100
95,99
95,98
95,97
95,96
95,95
95,94
95,93
95,92
95,91
95,90
95,89
95,88
95,87
95,86
95,85
95,84
95,83
95,82
95,81
95,80
95,79
95,78
95,77
95,76
95,75
95,74
95,73
95,72
95,71
95,70
95,69
95,68
95,67
95,66
95,65
95,64
95,45
95,44
95,43
95,41
95,40
95,38
95,37
95,36
95,35
95,34
95,33
95,32
95,31
95,30
95,29
95,27
95,25
95,24
95,23
95,22
95,21
95,18
95,15
95,14
95,13
95,12
95,11
95,10
95,9
95,8
95,7
122,88
275,464
122,87
5,25
275,195
275,1271
275,1196
275,995
275,739
275,685
275,630
275,577
275,447
275,769
275,1312
275,913
275,58
122,86
275,251
275,1346
275,1030
275,226
275,821
275,163
275,828
141,4
275,51
275,1229
275,423
275,812
9,4
205,5
205,4
122,85
118,28
118,27
118,26
118,25
118,24
118,23
118,22
118,21
118,29
118,9
118,16
118,35
118,64
118,33
118,34
118,32
118,18
118,15
118,75
118,74
118,14
118,13
118,7
118,19
118,5
118,8
118,17
118,69
118,68
118,67
118,70
118,66
118,6
118,72
118,76
118,65
174,3
174,7
118,4
118,30
174,5
171,5
143,4
58,4
140,3
275,1028
275,246
275,797
275,1137
275,217
275,491
128,3
116,3
58,5
275,229
274,91
275,241
275,779
275,654
275,465
119,6
119,5
275,959
275,831
274,34
275,810
206,27
122,84
95,56
95,54
95,52
95,50
95,48
95,46
95,39
95,26
95,17
95,16
73,3
74,5
122,83
275,19
275,1423
275,1318
275,859
275,504
275,818
70,3
68,3
68,4
275,1061
275,1143
275,795
275,781
275,778
275,777
275,476
275,200
275,232
275,488
274,45
275,1221
275,952
275,855
275,121
275,793
118,12
118,73
275,236
275,1266
275,991
275,626
275,1060
275,1250
275,1172
275,1086
275,1041
275,205
275,25
275,1077
275,1255
275,1178
275,201
275,12
275,1049
275,1222
275,1138
275,953
275,700
275,645
275,591
275,544
275,101
275,794
274,21
275,1281
275,1208
275,1003
275,637
275,582
275,1348
275,1422
275,1317
275,1230
275,1148
275,1114
275,960
275,918
275,858
275,755
275,706
275,652
275,597
275,550
275,424
275,391
275,370
275,285
275,126
275,75
275,499
275,1052
275,1073
275,1225
275,648
275,209
275,1478
275,1444
275,1341
275,1269
275,1194
275,993
275,939
275,737
275,683
275,628
275,806
275,1238
275,1158
275,967
275,713
275,604
274,49
275,1162
275,471
275,475
275,235
275,34
275,1436
275,1177
275,981
275,766
275,726
275,617
275,567
275,824
275,1216
275,1132
275,1007
275,948
275,641
275,97
275,130
275,1175
275,493
254,3
5,10
5,9
4,4
0,62
0,58
0,54
0,193
275,1069
275,803
275,1134
275,510
275,238
275,771
275,790
275,826
275,1277
275,1203
275,689
275,634
275,247
206,26
95,6
219,3
152,3
152,4
8,3
8,4
107,3
104,4
104,3
105,3
105,5
63,3
5,19
194,3
122,82
64,5
5,17
122,23
122,22
228,3
275,539
275,252
275,1214
275,1129
275,1005
275,946
275,873
275,748
275,694
275,508
275,639
275,585
275,414
275,384
275,277
275,95
275,68
275,220
275,1013
275,549
275,250
274,90
275,485
275,1418
275,1140
275,646
275,419
275,1047
274,20
35,7
190,5
275,707
275,463
274,38
275,1087
275,194
275,1332
275,1254
275,931
275,671
275,438
275,265
275,502
275,451
274,193
274,3
275,1252
275,1174
275,979
275,724
275,615
275,565
275,1345
274,68
275,1223
275,1111
275,886
275,876
275,281
275,72
275,1075
274,84
118,11
118,71
275,1038
275,1454
275,204
275,215
275,233
118,31
275,1059
275,472
275,497
275,1031
118,20
275,450
122,41
275,816
275,1207
275,944
275,746
275,773
274,92
118,10
118,3
275,784
275,456
275,813
275,770
275,915
275,123
275,459
275,1470
275,1435
275,1331
275,1253
275,1176
275,1022
275,980
275,930
275,899
275,765
275,725
275,670
275,616
275,566
275,437
275,402
275,298
275,84
275,41
275,501
275,244
274,65
